{'C': [-6.0096875, -5.797155500000001], 
'CH': [-6.0696875, -5.8070889999999995], 
'CH2': [-5.8096875, -4.51549], 
'CH3': [-5.8296875, -4.544884], 
'H': [-7.5496875, -3.8239355], 
'N': [-8.2996875, -6.274074], 
'HN': [-7.8296875, -6.0224495000000005],
'NO': [-4.4796875, -4.410574], 
'O': [-7.5396875, -7.0303005], 
'HO': [-7.2896875, -6.9179935],
'H2O': [-7.3296875, -4.2058615], 
'S': [-6.279375, -6.0249315], 
'HS': [-6.079375, -5.8749385]}